
function [mttpar] = iLamKus02_numpar;
## [mttpar] = iLamKus02_numpar;
## System iLamKus02, representation numpar, language m; 
## File iLamKus02_numpar.m; 
## Generated by MTT on Thu Jan 29 12:44:00 AEDT 2015; 

## Horrible fudge to make mtt_m2p work
global ...
mtt_no_globals ;

   mttpar = zeros(74,1);

## BEGIN Code

## User defined code from iLamKus02_numpar.txt
  rt 	=  8.3144621*300;
  k_adp 	=  0.76772;
  k_amp 	=  0.00277586;
  k_atp 	=  469.244;
  k_cr 	=  0.617419;
  k_p 	=  0.0024475;
  k_pcr 	=  1.61965;
  k_dhap 	=  1.03788;
  k_fbp 	=  0.00196793;
  k_gap 	=  19.9591;
  k_dpg 	=  1.51151e+06;
  k_lac 	=  1.74759e-18;
  k_laco 	=  1.74759e-18;
  k_nad 	=  1659.46;
  k_nadh 	=  0.000602604;
  k_p2g 	=  0.240567;
  k_p3g 	=  0.0433021;
  k_pep 	=  0.490953;
  k_pyr 	=  7.79539e-08;
  k_f6p 	=  0.000779165;
  k_g1p 	=  0.00582737;
  k_g6p 	=  0.000350624;
  k_gly 	=  1;
  v_adk 	=  343.921;
  k_adk 	=  0.0439832;
  rho_adk 	=  0.609181;
  v_ck 	=  0.0241768;
  k_ck 	=  0.186319;
  rho_ck 	=  0.999952;
  v_ald 	=  104;
  k_ald 	=  9.83965e-05;
  rho_ald 	=  2.37499e-06;
  v_tpi 	=  117.782;
  k_tpi 	=  0.0626893;
  rho_tpi 	=  0.990185;
  v_eno 	=  165.672;
  k_eno 	=  0.0249095;
  rho_eno 	=  0.137127;
  v_fout 	=  100000;
  k_fout 	=  8.73795e-13;
  rho_fout 	=  0.5;
  v_pgm 	=  313.6;
  k_pgm 	=  0.00242492;
  rho_pgm 	=  0.72;
  v_gapdh 	=  395.348;
  k_gapdh 	=  0.00165311;
  rho_gapdh 	=  0.687472;
  v_ldh 	=  1095.93;
  k_ldh 	=  1.7965e-14;
  rho_ldh 	=  0.429202;
  v_pgk 	=  352.691;
  k_pgk 	=  5.84669;
  rho_pgk 	=  0.685097;
  v_pk 	=  44.941;
  k_pk 	=  0.000282315;
  rho_pk 	=  0.968791;
  v_gpa 	=  12.3288;
  k_gpa 	=  0.00603492;
  rho_gpa 	=  0.383562;
  v_gpb 	=  28.4091;
  k_gpb 	=  0.000463541;
  rho_gpb 	=  0.0530303;
  v_pgi 	=  567.403;
  k_pgi 	=  5.97841e-05;
  rho_pgi 	=  0.644776;
  v_pglm 	=  13.3697;
  k_pglm 	=  1.02257e-05;
  rho_pglm 	=  0.972146;
  v_pfk 	=  42.3902;
  k_pfk 	=  0.00398536;
  rho_pfk 	=  0.243033;
  v_atpase 	=  600129;
  k_atpase 	=  3.75476e+08;
  rho_atpase 	=  0.199829;

  ## Set up the mttpar vector
  mttpar(1)	= k_adp;
  mttpar(2)	= k_amp;
  mttpar(3)	= k_atp;
  mttpar(4)	= k_cr;
  mttpar(5)	= k_dhap;
  mttpar(6)	= k_dpg;
  mttpar(7)	= k_f6p;
  mttpar(8)	= k_fbp;
  mttpar(9)	= k_g1p;
  mttpar(10)	= k_g6p;
  mttpar(11)	= k_gap;
  mttpar(12)	= k_gly;
  mttpar(13)	= k_lac;
  mttpar(14)	= k_laco;
  mttpar(15)	= k_nad;
  mttpar(16)	= k_nadh;
  mttpar(17)	= k_p;
  mttpar(18)	= k_p2g;
  mttpar(19)	= k_p3g;
  mttpar(20)	= k_pcr;
  mttpar(21)	= k_pep;
  mttpar(22)	= k_pyr;
  mttpar(23)	= rt;
  mttpar(24)	= k_adk;
  mttpar(25)	= k_ald;
  mttpar(26)	= k_atpase;
  mttpar(27)	= k_ck;
  mttpar(28)	= k_eno;
  mttpar(29)	= k_fout;
  mttpar(30)	= k_gapdh;
  mttpar(31)	= k_gpa;
  mttpar(32)	= k_gpb;
  mttpar(33)	= k_ldh;
  mttpar(34)	= k_pfk;
  mttpar(35)	= k_pgi;
  mttpar(36)	= k_pgk;
  mttpar(37)	= k_pglm;
  mttpar(38)	= k_pgm;
  mttpar(39)	= k_pk;
  mttpar(40)	= k_tpi;
  mttpar(41)	= rho_adk;
  mttpar(42)	= rho_ald;
  mttpar(43)	= rho_atpase;
  mttpar(44)	= rho_ck;
  mttpar(45)	= rho_eno;
  mttpar(46)	= rho_fout;
  mttpar(47)	= rho_gapdh;
  mttpar(48)	= rho_gpa;
  mttpar(49)	= rho_gpb;
  mttpar(50)	= rho_ldh;
  mttpar(51)	= rho_pfk;
  mttpar(52)	= rho_pgi;
  mttpar(53)	= rho_pgk;
  mttpar(54)	= rho_pglm;
  mttpar(55)	= rho_pgm;
  mttpar(56)	= rho_pk;
  mttpar(57)	= rho_tpi;
  mttpar(58)	= v_adk;
  mttpar(59)	= v_ald;
  mttpar(60)	= v_atpase;
  mttpar(61)	= v_ck;
  mttpar(62)	= v_eno;
  mttpar(63)	= v_fout;
  mttpar(64)	= v_gapdh;
  mttpar(65)	= v_gpa;
  mttpar(66)	= v_gpb;
  mttpar(67)	= v_ldh;
  mttpar(68)	= v_pfk;
  mttpar(69)	= v_pgi;
  mttpar(70)	= v_pgk;
  mttpar(71)	= v_pglm;
  mttpar(72)	= v_pgm;
  mttpar(73)	= v_pk;
  mttpar(74)	= v_tpi;
## END Code
endfunction
