# Created by Octave 3.8.1, Tue Mar 03 10:19:13 2015 AEDT <peterg@peter-ThinkPad-X201>
# name: X_inf
# type: matrix
# rows: 22
# columns: 1
 0.3833491971831173
 0.008502113247798215
 7.821168689569083
 0.008412728212737941
 2.04175645181348e-05
 39.99158727178726
 0.02405208110434277
 0.3166576316168312
 0.001250716411891081
 1.87855157286843e-06
 4.590298753553094
 0.0001
 0.4998952079905111
 0.0006047920094888193
 0.0009465098250249116
 0.005258383059407463
 0.0004637898720993005
 0.2342342307013844
 6.413531043891232e-05
 8.575393214801011e-06
 0.0001425230137073741
 112


